=====================
cycle:1	96	ADDI	R0, R1, #5

registers:
r00:	5	0	0	0	0	0	0	0
r08:	0	0	0	0	0	0	0	0
r16:	0	0	0	0	0	0	0	0
r24:	0	0	0	0	0	0	0	0

data:


=====================
cycle:2	100	B	#14

registers:
r00:	5	0	0	0	0	0	0	0
r08:	0	0	0	0	0	0	0	0
r16:	0	0	0	0	0	0	0	0
r24:	0	0	0	0	0	0	0	0

data:


=====================
cycle:3	156	B	#-13

registers:
r00:	5	0	0	0	0	0	0	0
r08:	0	0	0	0	0	0	0	0
r16:	0	0	0	0	0	0	0	0
r24:	0	0	0	0	0	0	0	0

data:


=====================
cycle:4	104	ADDI	R4, R5, #10

registers:
r00:	5	0	0	0	10	0	0	0
r08:	0	0	0	0	0	0	0	0
r16:	0	0	0	0	0	0	0	0
r24:	0	0	0	0	0	0	0	0

data:


=====================
cycle:5	108	ADD	R3, R4, R0

registers:
r00:	5	0	0	15	10	0	0	0
r08:	0	0	0	0	0	0	0	0
r16:	0	0	0	0	0	0	0	0
r24:	0	0	0	0	0	0	0	0

data:


=====================
cycle:6	112	SUB	R2, R0, R3

registers:
r00:	5	0	-10	15	10	0	0	0
r08:	0	0	0	0	0	0	0	0
r16:	0	0	0	0	0	0	0	0
r24:	0	0	0	0	0	0	0	0

data:


=====================
cycle:7	116	SUBI	R1, R2, #20

registers:
r00:	5	-30	-10	15	10	0	0	0
r08:	0	0	0	0	0	0	0	0
r16:	0	0	0	0	0	0	0	0
r24:	0	0	0	0	0	0	0	0

data:


=====================
cycle:8	120	ADDI	R6, R1, #44

registers:
r00:	5	-30	-10	15	10	0	14	0
r08:	0	0	0	0	0	0	0	0
r16:	0	0	0	0	0	0	0	0
r24:	0	0	0	0	0	0	0	0

data:


=====================
cycle:9	124	AND	R7, R6, R0

registers:
r00:	5	-30	-10	15	10	0	14	4
r08:	0	0	0	0	0	0	0	0
r16:	0	0	0	0	0	0	0	0
r24:	0	0	0	0	0	0	0	0

data:


=====================
cycle:10	128	ORR	R8, R6, R0

registers:
r00:	5	-30	-10	15	10	0	14	4
r08:	15	0	0	0	0	0	0	0
r16:	0	0	0	0	0	0	0	0
r24:	0	0	0	0	0	0	0	0

data:


=====================
cycle:11	132	EOR	R9, R6, R0

registers:
r00:	5	-30	-10	15	10	0	14	4
r08:	15	11	0	0	0	0	0	0
r16:	0	0	0	0	0	0	0	0
r24:	0	0	0	0	0	0	0	0

data:


=====================
cycle:12	136	MOVZ	R10, 255, LSL 16

registers:
r00:	5	-30	-10	15	10	0	14	4
r08:	15	11	16711680	0	0	0	0	0
r16:	0	0	0	0	0	0	0	0
r24:	0	0	0	0	0	0	0	0

data:


=====================
cycle:13	140	MOVZ	R10, 255, LSL 0

registers:
r00:	5	-30	-10	15	10	0	14	4
r08:	15	11	255	0	0	0	0	0
r16:	0	0	0	0	0	0	0	0
r24:	0	0	0	0	0	0	0	0

data:


=====================
cycle:14	144	MOVK	R11, 1000, LSL 32

registers:
r00:	5	-30	-10	15	10	0	14	4
r08:	15	11	255	4294967296000	0	0	0	0
r16:	0	0	0	0	0	0	0	0
r24:	0	0	0	0	0	0	0	0

data:


=====================
cycle:15	148	MOVK	R11, 1000, LSL 0

registers:
r00:	5	-30	-10	15	10	0	14	4
r08:	15	11	255	4294967297000	0	0	0	0
r16:	0	0	0	0	0	0	0	0
r24:	0	0	0	0	0	0	0	0

data:


=====================
cycle:16	152	B	#2

registers:
r00:	5	-30	-10	15	10	0	14	4
r08:	15	11	255	4294967297000	0	0	0	0
r16:	0	0	0	0	0	0	0	0
r24:	0	0	0	0	0	0	0	0

data:


=====================
cycle:17	160	ADDI	R12, R12, #200

registers:
r00:	5	-30	-10	15	10	0	14	4
r08:	15	11	255	4294967297000	200	0	0	0
r16:	0	0	0	0	0	0	0	0
r24:	0	0	0	0	0	0	0	0

data:


